time,x,y,z,phi,theta,psi,x_velocity,y_velocity,z_velocity,phi_velocity,theta_velocity,psi_velocity,rotor_speed1,rotor_speed2,rotor_speed3,rotor_speed4
0.06,-4.2635250673535266e-08,-8.027294311905883e-08,10.00326719710971,6.282901582413984,5.087558837058026e-05,0.0,-4.103103993171618e-06,-1.5007508902669817e-05,0.10890164191442675,-0.016438601108723177,0.0024921620572969814,0.0,440.13468115799736,440.3408347102901,439.8731862893829,438.5100862612305
0.12000000000000001,-2.9612292881704875e-06,-1.1635481251803876e-05,10.016003546019611,6.282278844237366,0.0007495766301692797,0.0,-0.0001483566305157647,-0.0004624134671940017,0.31560829273973345,-0.00040266543380595987,0.025528526820906693,0.0,469.00796403600026,470.7933408457722,468.6058167925895,469.85059731710874
0.18,-3.428356074024933e-05,-5.919420295895588e-05,10.039010537486341,6.281887327159922,0.0022429027614476738,0.0,-0.0010579840360359126,-0.001140551205616626,0.45124676682199705,-0.023042024266873032,0.023577706613842155,0.0,448.5753892258741,448.4170619623438,448.8044030541572,446.9635041159649
0.23999999999999996,-0.0001474605576965802,-0.000158553345067479,10.068272142381126,6.280304331574619,0.003642858942668248,0.0,-0.002852411146586316,-0.002315670952407447,0.5241083353785356,-0.03407993458813245,0.02283789315621199,0.0,428.3521163770485,428.2892828314267,429.0111653093497,428.0728729793945
0.3,-0.00039415696882146055,-0.000359712274876663,10.101355700766353,6.278828951555374,0.005364170591083628,0.0,-0.005519895765538723,-0.004552749012011881,0.5786493178238665,-0.01031704190045023,0.038376151239825566,0.0,421.7480681139978,423.0880630266505,421.6204779863522,423.6680140539736
0.36000000000000004,-0.0008659438618766463,-0.0007400562229762702,10.142526004966028,6.278653571130214,0.00830890999922751,0.0,-0.010524758783006127,-0.008168469755861035,0.7935672460304836,0.008815380338496643,0.06470308445841348,0.0,470.8279765665398,472.8613828352438,472.09737629729915,473.5711565622834
0.4200000000000001,-0.0016707993271795687,-0.001314987620882036,10.191667693232919,6.2794363025180004,0.0123691800835104,0.0,-0.016680186573145038,-0.010932554568991044,0.8444490786872741,0.02038932168076111,0.07302708189487404,0.0,421.5641328476122,422.28637457723534,420.96729386080483,421.9673808001523
0.48000000000000015,-0.0029363872348168087,-0.0020416110105896897,10.244734751737267,6.280642670203601,0.017103590185393536,0.0,-0.02595868398787682,-0.013167679858849491,0.9243852183425743,0.01953369088604521,0.0886310041420979,0.0,431.0206881463255,432.34233011309743,430.85260328281043,430.7802542309902
0.5400000000000001,-0.004932510925342283,-0.0028879241442413307,10.306788555778772,6.281359865673309,0.02208846392437991,0.0,-0.04119581857211189,-0.014919960386245747,1.1438695030435377,-0.010953388853328142,0.06866965708632357,0.0,475.055294390287,473.5274248070478,475.31000286181796,472.9680046787309
0.6000000000000002,-0.007921518841731595,-0.0038272136460536627,10.380382296047465,6.28035505738513,0.02645170794199103,0.0,-0.0589085622225212,-0.01647796505686291,1.3090686033106627,-0.03203704796101646,0.07978855473304401,0.0,458.7702302450352,459.65600681823054,458.60674411333616,456.92924563857144
0.6600000000000003,-0.01207138033696437,-0.004887513422250559,10.463752597012043,6.278035301291506,0.03163457143276194,0.0,-0.0799709299438889,-0.019094204868293087,1.4697312520431065,-0.05717537770224722,0.09706971075572336,0.0,457.68961794349985,459.06859234015536,457.6700581081158,455.66421393149176
0.7200000000000003,-0.017608901631303818,-0.0061630866180941235,10.556858419573377,6.275127468374308,0.03771594484905272,0.0,-0.1052706612188188,-0.023772120780941198,1.6335504118681532,-0.03510515503553867,0.10878016559767453,0.0,457.5677768131967,458.5074957041626,458.9731188680325,460.7197499603144
0.7800000000000004,-0.024789635967532038,-0.0077769622880395585,10.659409608350655,6.272976355515501,0.04421803154655635,0.0,-0.13479220297183478,-0.030254710857589004,1.7845661394120307,-0.037388434080699987,0.10753174205791381,0.0,456.15214400603753,456.06245742397454,455.1433138126913,454.96001289566766
0.8400000000000004,-0.03393025754867876,-0.009837344854054107,10.771992697418803,6.271425697895733,0.050230134824256645,0.0,-0.1706023054368969,-0.03863052581042662,1.9678670112157266,-0.009322867654762944,0.07856387115307979,0.0,467.5598186074109,465.3054746307472,464.2387018229483,466.4352984608829
0.9000000000000005,-0.045364444072839086,-0.012432904016166426,10.895826069408871,6.2704192564430805,0.05479242864528011,0.0,-0.2110567260708734,-0.04796565624208521,2.159536515826324,-0.03902828359244066,0.07044013290994133,0.0,468.69484369417273,468.0673029377502,470.92330993705167,468.6200493346079
0.9600000000000005,-0.05907933693624068,-0.015559940160423056,11.026633147158654,6.268392722567274,0.05896203063293548,0.0,-0.24649432827030762,-0.05646967913654267,2.200591365485958,-0.024928795802626226,0.06753030211527576,0.0,424.3212063977695,424.0752621891622,420.7853177503269,422.00350334324804
1.0200000000000005,-0.07536898448915755,-0.01932374646271856,11.166073180859458,6.268014942637629,0.06360305016795742,0.0,-0.2970086320297278,-0.06908064059499448,2.446873567028367,0.016597944669646675,0.09199379127311852,0.0,485.1374107361628,486.97471641897874,484.4534744617192,487.56578937052376
1.0800000000000005,-0.09470960242777111,-0.023820364159877136,11.318702236351585,6.2691008486749915,0.06880705725180292,0.0,-0.3482761226202182,-0.08067893328680441,2.6402861905530695,0.02094197216020878,0.07331298703115252,0.0,472.67581450056707,471.2396481559334,471.3294342678317,471.66494912353437
1.1400000000000006,-0.11711854636495686,-0.028961076637877517,11.481131039130272,6.2706261978915805,0.07288580607658712,0.0,-0.39912450453145837,-0.09052341408120342,2.773652095485496,0.033142107355039786,0.05430788905285011,0.0,456.3622837441261,454.84605762839846,453.10520117914865,454.0850399102166
1.2000000000000006,-0.14279989798580478,-0.034679149547844554,11.65341881761448,6.272112841944985,0.07574157533689263,0.0,-0.45724771648185614,-0.09985893828159055,2.968750247889885,-0.0025892080466845997,0.028723171490833074,0.0,475.4035278040867,473.4402531419875,474.7817985485378,472.0325152691107
1.2600000000000007,-0.1713654403322051,-0.040835253701609425,11.82868802263589,6.271841254674934,0.07778109414173251,0.0,-0.49509774242918664,-0.10536258928232405,2.8737816456516367,-0.008713698852342753,0.042861747692468144,0.0,379.27995853413006,380.6361548597029,380.4853050096627,379.8985623886764
1.3200000000000007,-0.20254701390603272,-0.047371576518191516,12.002235391067654,6.271780983203751,0.08020124391087524,0.0,-0.5445159678169923,-0.11253757442743106,2.9110051968897697,0.01113236620614498,0.034735089554612165,0.0,426.2257917425718,425.53159541808895,424.21078407522657,425.9115931424611
1.3800000000000008,-0.23695533636478855,-0.05436620462987973,12.180695791343132,6.272401751383349,0.08245548045474216,0.0,-0.6026358989041186,-0.12054463057587837,3.0373135166674397,0.008725393834646222,0.042710338951229755,0.0,454.0118188805227,454.65187956326207,453.91998362828906,453.7266572909026
1.4400000000000008,-0.274906027005261,-0.06182871049120462,12.366776203239796,6.273172321934064,0.08518886424323213,0.0,-0.6626442531116604,-0.1281319899377768,3.1649804816621505,0.020015408617617796,0.050713150107929705,0.0,455.75387429802373,456.3942121612654,453.9955001394305,454.90035995719643
1.5000000000000009,-0.3163389825707376,-0.06970684348844454,12.558418622619566,6.274530964094559,0.08813857688102633,0.0,-0.7187325272291893,-0.1343478545768531,3.2228962991458268,0.027441227876840574,0.045864543095474664,0.0,434.168257527343,433.7628166945924,433.98404198303615,434.60695061408256
1.560000000000001,-0.36128544575411087,-0.07793849702540491,12.754550571244165,6.276353585537851,0.09054814734486971,0.0,-0.7797292008187464,-0.1398632212537056,3.3145304821172767,0.035681762910917264,0.025191480080141077,0.0,446.0125613089584,444.3216799578647,445.11479056590355,445.78897456489875
1.620000000000001,-0.40972052339009507,-0.086446600943213,12.953789031741064,6.278778575194037,0.09209544140539005,0.0,-0.8349143289596014,-0.14353599446691093,3.3266874865760703,0.04851190405898685,0.02695564229450605,0.0,420.1961702757817,420.3492522021567,419.6288247576054,420.7420792836656
1.680000000000001,-0.461352826126631,-0.09512290333100391,13.152192683864417,6.281950462861577,0.0942958336799471,0.0,-0.8863413676372871,-0.145426823886038,3.2868533740629373,0.06039151555000323,0.051204589475240536,0.0,401.52391137846314,403.71865418385073,402.1756271003599,403.2523528197408
1.740000000000001,-0.5169783982009863,-0.10386388414369786,13.357296024396803,0.0021004145233698424,0.09756998580582277,0.0,-0.9681781481094542,-0.1454983595348015,3.5490728893338117,0.04364804100772002,0.060565770794172795,0.0,496.64077688045455,497.32854863354106,496.992910542254,495.7658611379216
1.8000000000000012,-0.5773510372403997,-0.11253541348419437,13.57557430053998,0.0045820663847653265,0.1009356551656877,0.0,-1.04459468231938,-0.14326516889010107,3.7262308827125756,0.03634314700562219,0.04518445364583897,0.0,474.6181666499183,473.43802078389535,473.8478767421922,473.2867502202685
1.8600000000000012,-0.6422720311981553,-0.12102336922511674,13.80336846926225,0.00667122330090919,0.10338633672832742,0.0,-1.1196816211428409,-0.13943914481460823,3.8663769306147358,0.03158344016048065,0.030328645311490227,0.0,464.78894549605576,463.623905680585,464.00240268305424,463.629025926966
1.9200000000000013,-0.7117406896881083,-0.1292365807128728,14.039465006680143,0.009466714075579752,0.10495049758956299,0.0,-1.1960872814590051,-0.13407601232454386,4.002979463468951,0.06646283606028518,0.015790774192032786,0.0,464.44546031606467,463.3038715550992,462.7957843280017,465.53426964097025
1.9800000000000013,-0.786050218615117,-0.13703917055514184,14.285828045293307,0.013174098663007783,0.1076500905056541,0.0,-1.2810796299698821,-0.1255645869444936,4.208309201808054,0.05026082113136077,0.07458414079668099,0.0,484.1725597332216,488.576814777104,485.0942105378501,483.8783027486593
2.0400000000000014,-0.865276172454439,-0.1442799289634898,14.542090458458679,0.016451493928235195,0.1118663997192364,0.0,-1.3602053607070053,-0.11546868612334807,4.333196999521778,0.062164278498355624,0.059841004298928656,0.0,464.0926720480833,462.9374248966873,462.551723231677,463.4901094841687
2.1000000000000014,-0.9493755038294021,-0.15083709699768097,14.806151157788472,0.02006404273178486,0.11532359835572947,0.0,-1.443436919848585,-0.10272108482277319,4.468200898014406,0.05598220896612797,0.05276231983159583,0.0,467.545281391514,466.9955041528744,467.96076959722734,467.48161607413573
2.1600000000000015,-1.0385087803615782,-0.15655832634183525,15.077982231736735,0.024071795443063593,0.1184103950584916,0.0,-1.5279589273556053,-0.0876044110399354,4.592237208348905,0.08253796407494816,0.04867710600577138,0.0,464.7665323261346,464.44777333544175,465.26808774546885,467.3457013539232
2.2200000000000015,-1.1323098457072827,-0.16138038717967032,15.353287702611986,0.02853202253949405,0.1215092934409645,0.0,-1.59902374526337,-0.07271919759934829,4.58455338690959,0.04801723364768368,0.05701001802516535,0.0,424.4232744081905,425.13979206791004,426.7466283245638,423.7935473350935
2.2800000000000016,-1.2309379556337599,-0.16511973267885346,15.632219979083963,0.03125239361405896,0.12471429553638202,0.0,-1.6888843187746911,-0.051646087498007656,4.712544379404783,0.039361499216326784,0.045038819657132224,0.0,468.13528254971294,467.20444227505106,468.71224270460175,468.04005891023917
2.3400000000000016,-1.334810784766753,-0.16759330285136645,15.917083067432019,0.03375205556864902,0.12795898944786277,0.0,-1.7738193231449493,-0.030580964164758577,4.782486662758219,0.04590237279630575,0.06782472300657592,0.0,450.6219814115155,452.46219998467933,451.2492884826856,451.7779477886934
2.4000000000000017,-1.443214055765144,-0.16892179197287358,16.201192328678957,0.03624334107025362,0.13216969128432776,0.0,-1.8399976956315458,-0.013497662210588037,4.688114424466278,0.030882282945487425,0.0745107280938385,0.0,398.18327594886046,398.7989251930814,397.79917410146504,396.42226259687305
2.4600000000000017,-1.5563948498097662,-0.16898932374225267,16.48514087586909,0.03788297733371593,0.13624155228316148,0.0,-1.9330971777542074,0.011404850696882896,4.776316075213332,0.019052111778945283,0.049271347478840564,0.0,458.39435651464646,456.3871865987473,458.1113068961634,457.16969655241803
2.520000000000002,-1.674559747226077,-0.16772182152405055,16.76939334349914,0.039027195665489955,0.13944974629978368,0.0,-2.006038429712329,0.03094172958205328,4.698991877567978,0.019106665205099585,0.06076347727152993,0.0,403.58042061597484,404.6187012749151,404.5080705937662,404.5129754169568
2.580000000000002,-1.7982611395000228,-0.1649580018657924,17.056805117127304,0.040313927153842855,0.14277279504283857,0.0,-2.117655293765403,0.0612889771763107,4.8804614028894235,0.025754557537355997,0.041556020862583025,0.0,487.1524219299043,485.715619546406,485.52787535335267,486.02639406257236
2.640000000000002,-1.9280560207892996,-0.16053444744298012,17.35035833937618,0.04138866553030596,0.14526754427771138,0.0,-2.2090824411195866,0.08628130177676217,4.904417609348425,-0.006372606488847696,0.04162536719139287,0.0,440.81452814561516,440.8211965730884,440.19925696156315,437.5322091865689
2.700000000000002,-2.0635196466859127,-0.15456210468091586,17.64621589670111,0.041155742235619464,0.14750719129376755,0.0,-2.3065968172203424,0.11275417624305088,4.957141564705943,0.0006843229330305151,0.02693566748728319,0.0,450.459470124254,449.27044711863533,448.83610333397957,449.4086246760556
2.760000000000002,-2.204912856918123,-0.1469963271563032,17.94542471058009,0.04144144166836572,0.14876717195041955,0.0,-2.4066514199921394,0.13944026923828656,5.016106712201293,0.011873440269967755,0.0051872485168038916,0.0,452.75516549712137,451.00171281920217,452.06591037475613,452.96667876084956
2.820000000000002,-2.352357064527519,-0.13781725822036728,18.24827548868902,0.041909434142247015,0.14955912405687144,0.0,-2.5082152223860206,0.16657175309929811,5.078534603666853,-0.00193692513536603,0.025712300745098768,0.0,453.2170806384287,454.86392762403824,454.62020594680286,453.5120198010278
2.880000000000002,-2.50563734073527,-0.12708423319804132,18.55295603632625,0.04182702469953181,0.15087851917937556,0.0,-2.6012998079800456,0.19118310594109694,5.077378970100753,-0.00026969641566715113,0.0132521935288985,0.0,436.01390594730304,434.9715275505143,433.6369217596092,433.7770057573394
2.940000000000002,-2.6643824527985864,-0.11491754744656994,18.856552880915338,0.04233276940784059,0.15202549117843667,0.0,-2.690361997371055,0.21439922954092244,5.042577147438688,0.02177668328406843,0.028823028962277276,0.0,423.156615228093,424.49511545051706,422.618567340602,424.51484034303644
3.000000000000002,-2.8290676546645965,-0.10119066848441324,19.161706819911423,0.04358497567838615,0.1543480252541869,0.0,-2.799338153222368,0.24326797111341125,5.128670171424481,0.01899251562030439,0.05343067894911761,0.0,460.86215086523254,462.8039899045273,462.9245910711527,462.70539379510984
3.0600000000000023,-3.0003628936679547,-0.08570556607363317,19.472057610910415,0.04443026106851722,0.15785558372210406,0.0,-2.910818588788489,0.2729773892631868,5.215753253208398,0.0018228302584588959,0.06698237023151885,0.0,462.97849890317264,464.0458653855072,464.76086173014073,463.4128724326971
3.1200000000000023,-3.177592485101327,-0.06865876298600299,19.782366617362563,0.04465855336016755,0.16173992765933054,0.0,-2.9972405583176394,0.29527257515025235,5.128126064364384,0.007500530835332434,0.05982827061543823,0.0,407.4158610196529,406.77906680337475,409.01928890898824,409.52466458556864
3.1800000000000024,-3.361227970842426,-0.04995672853932165,20.09441767620915,0.04477574995386746,0.16546473158470043,0.0,-3.1242714623842183,0.3281212276196597,5.272658557588946,-0.01246351988750637,0.06623921772016793,0.0,481.41436656149995,481.90172250774503,482.804028398379,481.29517600708743
3.2400000000000024,-3.5517740274159677,-0.02950153734731824,20.41030683311488,0.044582092426499464,0.16919503901507582,0.0,-3.2276551653689123,0.3536754994500966,5.256854287992783,0.01075310105672895,0.05245858336168036,0.0,435.3341864949586,434.18216225170363,432.14583001353895,434.0988446045933
3.3000000000000025,-3.748387765166375,-0.007568771509827329,20.723997323786566,0.04514568233758087,0.17226325123713515,0.0,-3.3264890315733546,0.377467474681627,5.199588335528898,0.006524244804314301,0.0483540494759409,0.0,419.78236749925514,419.4278051374378,421.35217631336457,420.98623145148065
3.3600000000000025,-3.951162391564438,0.015841841554449176,21.035187727653774,0.04544342242711252,0.17516813818635857,0.0,-3.432994525148703,0.4029107421810475,5.1733590925786554,0.0016395186816437813,0.04853593167932973,0.0,430.6945873508685,430.71149053767084,430.6569250494287,430.24338833074296
3.4200000000000026,-4.161368925359633,0.041031705393765,21.3502738450367,0.045537572562681206,0.17766760262944903,0.0,-3.574124369839024,0.4367147278632699,5.32851303079728,0.001428084698160042,0.022067821772258283,0.0,488.6971571429775,486.72065262007055,486.46007371379477,486.44420422533415
3.4800000000000026,-4.380006222656333,0.06822386586628315,21.67406499259961,0.04552720413567446,0.17898817563003533,0.0,-3.713885553397056,0.46965264351270725,5.463645605245948,-0.0035842640290595787,0.021892762455780115,0.0,483.0475682485123,483.03433763112594,483.39767077057695,483.01975462146225
3.5400000000000027,-4.606477462113431,0.0972389442201839,22.002631317664182,0.04552217103550049,0.18026375898649238,0.0,-3.8353396492738008,0.49749080198417395,5.488257207958982,0.006130867576183193,0.019962721824046754,0.0,450.2867882060575,450.13058600923625,451.7100934447603,452.49302771461134
3.6000000000000028,-4.839877505316075,0.1278237338286773,22.330444801208916,0.04562316539568467,0.18194608193400885,0.0,-3.9449214049880816,0.5220234083007026,5.438935439923997,-0.009161529518488611,0.04062940847238214,0.0,426.38936386054763,428.15192392902014,428.9930358484511,427.6922410801036
3.660000000000003,-5.080875100640162,0.16011850068506647,22.660530317130583,0.04596616221527583,0.1846772028256103,0.0,-4.088570529786784,0.5544240652545926,5.563008830317974,0.02547599506493481,0.0538401965875939,0.0,480.470758062624,481.4724842523637,481.98473597073394,484.59590903067794
3.720000000000003,-5.329873377552408,0.19419677965265433,22.994292931728054,0.04703962145280283,0.1880315156665624,0.0,-4.211744249742152,0.58162403412442,5.562143480571178,-0.0050367352040929965,0.05974327735615531,0.0,445.6114640535965,446.0959579598561,446.4699866821503,443.9729413348445
3.780000000000003,-5.586883348915001,0.230050446061011,23.330792878729493,0.04666820046894582,0.19127185009279035,0.0,-4.3555931614355305,0.6134229914213912,5.653724998336111,-0.00860370998547658,0.038922937004646725,0.0,475.9282015198964,474.33330830633594,474.70022744717915,474.42648215453664
3.840000000000003,-5.852174462747253,0.26769691838589615,23.670516299166337,0.04597307822882524,0.1936408387904951,0.0,-4.487742369444915,0.6413852347643973,5.670043066422198,-0.018338318463050642,0.04058038541327637,0.0,453.1934325452012,453.3274154439338,453.58000233116303,452.79748932060335
3.900000000000003,-6.124648561992076,0.30681459654966564,24.007044837087715,0.045079795830507585,0.1962266259625398,0.0,-4.595146898107671,0.66248343479802,5.548004770738602,-0.008753366208835305,0.04770427839913847,0.0,407.09708497334,407.7354039055237,408.0850653226219,408.9400531005976
3.960000000000003,-6.4047007933073585,0.34742589271270813,24.34158181977023,0.04445323874338136,0.1990588839466927,0.0,-4.74025021278032,0.6911398131986616,5.602629465225363,-0.014055398490645812,0.046185445865338785,0.0,465.58096818776204,465.4633212532347,464.8199794888727,464.40432637200564
4.020000000000002,-6.692874614344662,0.3895946831850579,24.676065330058204,0.043207651546146586,0.2018979422952869,0.0,-4.865948955795579,0.714403618393877,5.5468449097247285,-0.0396077313951447,0.04949028481580438,0.0,430.6558177597498,430.936755584426,432.2907492771697,430.131566926201
4.080000000000001,-6.988767055041722,0.4331547122009859,25.007658731506144,0.04209898859350236,0.20441084119862651,0.0,-4.997535807540347,0.7374603695220081,5.50619858095412,0.006252335240850913,0.018841952181909236,0.0,436.65921942538256,434.0952212725639,434.64923319142054,438.4764549491891
4.14,-7.293638910002413,0.47829144387275796,25.341668485754944,0.04323145657925931,0.20581220539036327,0.0,-5.165005804362514,0.7671400829917401,5.626503967565155,0.036495669712182,0.031125979939927922,0.0,485.590964259829,486.51176815231133,485.1870595711506,487.4527803093764
4.199999999999998,-7.607637259188301,0.5250303433859209,25.678130601967922,0.045140727889523724,0.20792802725510295,0.0,-5.301965296135086,0.7909855176949383,5.588803977388848,0.020284070831809668,0.04246588037475075,0.0,438.3128181444969,439.25500982540774,440.2191478447634,438.8756676194946
4.259999999999997,-7.9298396265901525,0.5732076558310674,26.011880737596478,0.04649537019104244,0.21112472716751718,0.0,-5.4385560270133855,0.8150209311610508,5.536148145441701,0.026808747198009544,0.06902053718240715,0.0,433.1288692056421,435.3587982470594,434.4731475123022,435.0200216689854
4.319999999999996,-8.26115843199541,0.6230274957034395,26.34628186420142,0.04781957626919997,0.21536388987743926,0.0,-5.605855573013341,0.845741521708468,5.609683701840821,0.010331238097280575,0.07373052887641017,0.0,474.04943625669074,474.4147675633007,475.64611504048025,474.3822372505783
4.379999999999995,-8.601458084144099,0.6744528535355241,26.67968514864184,0.04825526565530769,0.2196838482470982,0.0,-5.738053176948685,0.8684783363887676,5.503938575137066,0.00027988532907286716,0.0682924131157525,0.0,418.7448813010834,418.2757590053217,419.34270829869575,418.4683314799785
4.439999999999993,-8.950489679507472,0.7273944570074448,27.009818213101983,0.047855974418672176,0.22372136962142086,0.0,-5.896842811874105,0.8962025353805256,5.500065597512692,-0.026501838733120228,0.06521326762224362,0.0,452.3859999461979,452.1412345399786,452.9118725432989,450.75226659670517
4.499999999999992,-9.308943176210441,0.7819380782339257,27.33872021548641,0.045880973204265985,0.22742227912860447,0.0,-6.052135773001483,0.9217557837556937,5.463106631526359,-0.05057043894454574,0.05347407237821255,0.0,442.9062619637235,441.942188190389,443.14646150530433,441.16252014464453
4.559999999999991,-9.676327844557356,0.8378779331614926,27.663246034179025,0.04317152625630438,0.23036101641778917,0.0,-6.194580373759968,0.9427013117872892,5.354645478098276,-0.036083465166753,0.03799573035229134,0.0,419.88413205777755,418.5403932946928,417.7269883367851,418.98735318276437
4.6199999999999894,-10.053133735984469,0.8951761506582917,27.984557223313676,0.040761383521129346,0.23279839791278523,0.0,-6.366038826460414,0.9670126708567557,5.355319855262462,-0.049937104921607606,0.045417307351587034,0.0,454.4280509548506,455.02352576554335,454.60122788072977,453.4886817435493
4.679999999999988,-10.439686981229007,0.9537759432140892,28.303179233890567,0.03815298851707549,0.23594266667059216,0.0,-6.519632645888515,0.9861001996414847,5.2655033606377994,-0.032952844354754186,0.06361480015101835,0.0,425.4178880908971,426.9754888906633,424.24363956021097,425.69862191814934
4.739999999999987,-10.836364521513156,1.0136064045536373,28.61969695067395,0.036196406326232555,0.23991748452444295,0.0,-6.703487035413889,1.0080373426288323,5.284453946619743,-0.03193223289649718,0.07104836858583043,0.0,459.27707611312434,459.8695034735044,462.31050951597086,462.3905817537656
4.799999999999986,-11.24403150122471,1.0746883912981045,28.936598106751863,0.034041726266943684,0.24384816208734605,0.0,-6.8859947649392055,1.0278255979719393,5.2783980852960095,-0.04537292462974188,0.051140938669939774,0.0,455.36022918615174,453.7675095150333,454.82749442865827,453.74891303711183
4.859999999999984,-11.66231673113077,1.1368518766524065,29.251248150940455,0.03129840982248666,0.24701410560456782,0.0,-7.057442598588826,1.0440650316590032,5.209834865774604,-0.04642904678694544,0.05583082889551948,0.0,434.315944269068,434.7111010495071,435.7927952835416,435.7032180348451
4.919999999999983,-12.091447718618989,1.1999969010659315,29.563484395964476,0.02868428935840761,0.2498983791835947,0.0,-7.247482149376544,1.0605134361297677,5.19757045003601,-0.038388287411541,0.024244212073286878,0.0,455.5054659060572,452.9730281593152,452.9523214592378,453.59763029564436
4.979999999999982,-12.532546241834225,1.2641311454058766,29.876693684664126,0.026440825119748546,0.2510667568556908,0.0,-7.45618441367509,1.0770509019146968,5.242009099693842,-0.03546815322478008,0.007631302843051205,0.0,472.5475987255252,471.2648757709415,472.8053213028727,473.02973372597484
5.0399999999999805,-12.986331507418905,1.329218909320587,30.192778239138736,0.02397713764469067,0.25112648571349894,0.0,-7.670309344300475,1.092297923429762,5.293411491940259,-0.05563279436595207,-0.01756957551410461,0.0,476.65666481730756,474.7264157288186,477.04509761039657,475.5016140015113
